1000,622,1,0,0
1000,729,2,0,0
1000,616,3,0,0
1000,703,4,0,0
1000,727,5,0,0
1000,1703,6,0,0
1000,725,7,0,0
1000,705,8,0,0
1000,383,9,0,0
1000,406,10,0,0
1000,404,11,0,0
1000,707,12,0,0
1000,709,13,0,0
1000,711,14,0,0
1000,210,15,0,0
1000,719,16,0,0
1000,216,17,0,0
1000,142,18,0,0
1000,140,19,0,0
1000,721,20,0,0
1000,723,21,0,0
1000,724,22,0,0
1000,244,23,0,0
1000,922,24,0,0
1000,260,25,1,1
1001,728,1,0,0
1001,921,2,0,0
1001,252,3,0,0
1001,253,4,0,0
1001,289,5,0,0
1001,141,6,0,0
1001,730,7,0,0
1001,138,8,0,0
1001,919,9,0,0
1001,918,10,0,0
1001,920,11,0,0
1001,736,12,0,0
1001,210,13,0,0
1001,738,14,0,0
1001,740,15,0,0
1001,742,16,0,0
1001,410,17,0,0
1001,748,18,0,0
1001,750,19,0,0
1001,744,20,0,0
1001,752,21,0,0
1001,746,22,0,0
1001,608,23,0,0
1001,615,24,0,0
1001,754,25,0,0
1001,618,26,0,0
1001,620,27,1,1
3000,410,1,0,0
3000,210,2,0,0
3000,833,3,0,0
3000,835,4,0,0
3000,837,5,0,0
3000,839,6,0,0
3000,841,7,0,0
3000,843,8,0,0
3000,845,9,0,0
3000,831,10,0,0
3000,847,11,0,0
3000,849,12,0,0
3000,851,13,0,0
3000,853,14,0,0
3000,855,15,0,0
3000,857,16,0,0
3000,859,17,0,0
3000,861,18,0,0
3000,863,19,1,1
3001,800,1,0,0
3001,802,2,0,0
3001,804,3,0,0
3001,806,4,0,0
3001,810,5,0,0
3001,808,6,0,0
3001,812,7,0,0
3001,814,8,0,0
3001,816,9,0,0
3001,830,10,0,0
3001,2105,11,0,0
3001,818,12,0,0
3001,820,13,0,0
3001,822,14,0,0
3001,824,15,0,0
3001,826,16,0,0
3001,828,17,0,0
3001,210,18,0,0
3001,410,19,1,1
99019,925,1,0,0
99019,5000,2,0,0
99019,5140,3,0,0
99019,5010,4,0,0
99019,141,5,0,0
99019,730,6,0,0
99019,732,7,0,0
99019,734,8,0,0
99019,740,9,0,0
99019,742,10,0,0
99019,410,11,1,1
99029,410,1,0,0
99029,707,2,0,0
99029,709,3,0,0
99029,710,4,0,0
99029,712,5,0,0
99029,713,6,0,0
99029,714,7,0,0
99029,721,8,0,0
99029,723,9,0,0
99029,5010,10,0,0
99029,5140,11,0,0
99029,5000,12,0,0
99029,925,13,1,1
